residentialPropertyRateSocioEconomicStatus1=1-0.04
residentialPropertyRateSocioEconomicStatus2=2-0.0055
residentialPropertyRateSocioEconomicStatus3=3-0.00675
residentialPropertyRateSocioEconomicStatus4=4-0.00775
residentialPropertyRateSocioEconomicStatus5=5-0.0085
residentialPropertyRateSocioEconomicStatus6=6-0.0105

lowRange=1-0.0-10000000.0-0.005
lowerMiddleRange=2-10000001.0-30000001.0-0.0075
middleRange=3-30000001.0-50000000.0-0.0105
upperMiddleRange=4-50000001.0-100000000.0-0.0115
upperRange=5-100000001.0-200000000.0-0.012
highestRange=6-200000001.0-300000000.0-0.015